            Family            Matrix             N           NNZ      Basic (ms)      B xMKL  BranchRed (ms)      R xMKL   Unrolled (ms)      U xMKL       ThreshOmp      T xMKL      ChunkedOmp      C xMKL       CapChunkO     CC xMKL        MKL (ms)      Residual B      Residual R      Residual U      Residual T      Residual C     Residual CC      Residual M
------------------------------------------------------------------------------------------------------------------------------------------------------------------------------------------------------------------------------------------------------------------------------------------------------------------------------------------------------------------------------------
  random_irregular         ASIC_100k         99340        526789          1.0834        1.45          1.0295        1.53          1.0441        1.51          1.5877        0.99          1.5283        1.03          1.3556        1.16          1.5750      1.9212e-14      1.9212e-14      1.3851e-14      1.3851e-14      1.3851e-14      1.3851e-14      1.5172e-14
            banded          LFAT5000         19994         49980          0.0500        1.22          0.0710        0.86          0.0923        0.66          0.0910        0.67          0.0773        0.79          0.0847        0.72          0.0611      2.3711e-11      2.3711e-11      2.3711e-11      2.3711e-11      2.3711e-11      2.3711e-11      3.2650e-11
        chain_like              poli          4008          4348          0.0071        1.14          0.0079        1.03          0.0089        0.91          0.0129        0.63          0.0127        0.64          0.0129        0.63          0.0081      7.4420e-16      7.4420e-16      7.2266e-16      7.2266e-16      7.2266e-16      7.2266e-16      3.6628e-15
        wide_level      web-Stanford        281903       1413271          3.1390        1.16          3.5442        1.03          3.9899        0.91          4.7392        0.77          4.0039        0.91          3.9488        0.92          3.6376      2.7647e-14      2.7647e-14      1.9356e-14      1.9356e-14      1.9356e-14      1.9356e-14      2.0548e-14
  block_structured        circuit204          1020          3795          0.0047        1.36          0.0049        1.31          0.0050        1.26          0.0072        0.87          0.0068        0.93          0.0073        0.87          0.0063      1.2208e-15      1.2208e-15      7.6747e-16      7.6747e-16      7.6747e-16      7.6747e-16      1.6050e-15
         power_law soc-sign-epinions        131828        593597          1.3159        0.91          1.1992        0.99          1.2725        0.94          1.8022        0.66          1.7461        0.68          1.5445        0.77          1.1930      1.6869e-14      1.6869e-14      9.6537e-15      9.6537e-15      9.6537e-15      9.6537e-15      1.2498e-14
             extra          msc04515          4515         51111          0.0402        0.94          0.0343        1.10          0.0345        1.10          0.0608        0.62          0.0695        0.54          0.0769        0.49          0.0378      8.3399e-15      8.3399e-15      6.9467e-15      6.9467e-15      6.9467e-15      6.9467e-15      5.6639e-15
             extra              pwtk        217918       5926171          3.7969        1.16          4.5531        0.97          4.1063        1.07          4.7727        0.92          4.6677        0.94          4.6644        0.95          4.4107      6.6623e-14      6.6623e-14      4.0355e-14      4.0355e-14      4.0355e-14      4.0355e-14      2.4981e-14
             extra          helm2d03        392257       1567096          1.7321        0.97          1.5746        1.06          1.5577        1.08          2.6815        0.62          2.8612        0.59          2.8281        0.59          1.6755      3.6262e-14      3.6262e-14      2.7346e-14      2.7346e-14      2.7346e-14      2.7346e-14      2.8755e-14
             extra           apache1         80800        311492          0.5093        0.99          0.4988        1.01          0.5598        0.90          0.5234        0.96          0.5167        0.97          0.5714        0.88          0.5017      1.6635e-14      1.6635e-14      1.0857e-14      1.0857e-14      1.0857e-14      1.0857e-14      1.2715e-14
             extra          bcsstk13          2003         42943          0.0341        1.25          0.0348        1.22          0.0498        0.86          0.0500        0.85          0.0490        0.87          0.0525        0.81          0.0426      1.7445e-14      1.7445e-14      1.8347e-14      1.8347e-14      1.8347e-14      1.8347e-14      1.1243e-14
             extra          bcsstk14          1806         32630          0.0296        1.06          0.0279        1.13          0.0320        0.98          0.0443        0.71          0.0416        0.76          0.0430        0.73          0.0314      1.6196e-14      1.6196e-14      2.6150e-14      2.6150e-14      2.6150e-14      2.6150e-14      1.4477e-14
             extra          bcsstk17         10974        219812          0.1554        1.06          0.1333        1.23          0.1431        1.15          0.4275        0.38          0.2047        0.80          0.2148        0.76          0.1641      1.6398e-14      1.6398e-14      1.2542e-14      1.2542e-14      1.2542e-14      1.2542e-14      7.6130e-15
             extra          bcsstk18         11948         80519          0.1265        1.12          0.1200        1.18          0.1360        1.04          0.1745        0.81          0.1702        0.83          0.1724        0.82          0.1418      4.9513e-14      4.9513e-14      5.6088e-14      5.6088e-14      5.6088e-14      5.6088e-14      4.7760e-14
             extra          bcsstk27          1224         28675          0.0166        1.32          0.0167        1.31          0.0177        1.24          0.0351        0.62          0.0233        0.94          0.0242        0.90          0.0219      7.8564e-15      7.8564e-15      6.8905e-15      6.8905e-15      6.8905e-15      6.8905e-15      5.2908e-15
             extra          bcsstm22           138           138          0.0005        4.10          0.0003        6.27          0.0004        6.20          0.0006        3.45          0.0005        4.41          0.0005        4.25          0.0022      2.8475e-16      2.8475e-16      2.8475e-16      2.8475e-16      2.8475e-16      2.8475e-16      4.3930e-16
             extra          scircuit        170998        565030          1.0838        0.96          1.0391        1.00          1.0941        0.95          2.0379        0.51          1.9450        0.53          2.0502        0.51          1.0390      2.1056e-14      2.1056e-14      1.7544e-14      1.7544e-14      1.7544e-14      1.7544e-14      1.7597e-14
             extra               fv1          9604         47434          0.0565        0.80          0.0570        0.80          0.0612        0.74          0.0438        1.04          0.0427        1.06          0.0494        0.92          0.0455      5.9741e-15      5.9741e-15      2.8774e-15      2.8774e-15      2.8774e-15      2.8774e-15      2.9224e-15
             extra               fv2          9801         48413          0.0659        0.83          0.0669        0.82          0.0702        0.78          0.0517        1.06          0.0522        1.05          0.0580        0.94          0.0548      6.1305e-15      6.1305e-15      3.0501e-15      3.0501e-15      3.0501e-15      3.0501e-15      3.6785e-15
             extra               fv3          9801         48413          0.0592        0.88          0.0587        0.88          0.0633        0.82          0.0454        1.15          0.0442        1.18          0.0510        1.02          0.0519      6.0726e-15      6.0726e-15      3.1041e-15      3.1041e-15      3.1041e-15      3.1041e-15      3.9452e-15
             extra               EPA          4772          7138          0.0214        0.87          0.0206        0.91          0.0230        0.82          0.0239        0.78          0.0246        0.76          0.0205        0.91          0.0187      2.3290e-15      2.3290e-15      2.0983e-15      2.0983e-15      2.0983e-15      2.0983e-15      3.6430e-15
             extra           ca-GrQc          5242         19726          0.0498        0.89          0.0443        1.00          0.0508        0.87          0.0518        0.85          0.0518        0.85          0.0530        0.83          0.0442      3.7393e-15      3.7393e-15      3.0384e-15      3.0384e-15      3.0384e-15      3.0384e-15      3.5657e-15
             extra       email-Enron         36692        220523          0.3736        1.01          0.3394        1.11          0.5683        0.67          0.8698        0.43          0.4871        0.78          0.4904        0.77          0.3780      1.1904e-14      1.1904e-14      7.8490e-15      7.8490e-15      7.8490e-15      7.8490e-15      1.0169e-14
             extra     soc-Epinions1         75888        363549          0.6922        0.95          0.6221        1.06          0.6948        0.95          0.8960        0.74          0.8607        0.77          0.8957        0.74          0.6593      1.5737e-14      1.5737e-14      1.1031e-14      1.1031e-14      1.1031e-14      1.1031e-14      7.8647e-15
             extra        roadNet-CA       1971281       4737888         20.0173        0.92         19.7196        0.93         19.1310        0.96         38.1761        0.48         36.1834        0.51         38.6930        0.48         18.4219      4.7311e-14      4.7311e-14      4.2270e-14      4.2270e-14      4.2270e-14      4.2270e-14      9.7379e-14
             extra         wiki-Vote          8297         40953          0.0770        0.95          0.0734        1.00          0.0816        0.90          0.0801        0.92          0.0785        0.94          0.0789        0.93          0.0735      4.3346e-15      4.3346e-15      2.7198e-15      2.7198e-15      2.7198e-15      2.7198e-15      2.6862e-15
             extra         ASIC_680k        682862       2277355          2.5978        1.66          2.7508        1.57          2.7914        1.54          5.8990        0.73          5.1737        0.83          6.5655        0.66          4.3121      3.0156e-14      3.0156e-14      2.9264e-14      2.9264e-14      2.9264e-14      2.9264e-14      3.3944e-14
        very_large      web-BerkStan        685230       4425244          5.6057        1.38          5.8663        1.32          5.9724        1.30         10.1921        0.76         12.1934        0.63          9.6411        0.80          7.7417      5.4636e-14      5.4636e-14      3.9185e-14      3.9185e-14      3.9185e-14      3.9185e-14      3.2064e-14
        very_large        roadNet-TX       1393383       3315043          9.1946        1.35          9.4128        1.32          9.1312        1.36         20.3412        0.61         26.4595        0.47         27.0524        0.46         12.4293      5.1465e-14      5.1465e-14      4.8292e-14      4.8292e-14      4.8292e-14      4.8292e-14      6.0125e-14
        very_large         wiki-Talk       2394385       3072221          9.7711        1.81          9.9587        1.77         16.1608        1.09         19.3452        0.91         21.2874        0.83         24.1614        0.73         17.6699      4.6553e-14      4.6553e-14      4.3868e-14      4.3868e-14      4.3868e-14      4.3868e-14      8.2881e-14
