            Family            Matrix             N           NNZ      Basic (ms)      B xMKL  BranchRed (ms)      R xMKL   Unrolled (ms)      U xMKL       ThreshOmp      T xMKL      ChunkedOmp      C xMKL       CapChunkO     CC xMKL        MKL (ms)      Residual B      Residual R      Residual U      Residual T      Residual C     Residual CC      Residual M
------------------------------------------------------------------------------------------------------------------------------------------------------------------------------------------------------------------------------------------------------------------------------------------------------------------------------------------------------------------------------------
  random_irregular         ASIC_100k         99340        526789          1.5545        6.24          1.4743        6.58          1.5086        6.43          2.7557        3.52         10.7634        0.90          2.7363        3.54          9.7002      1.9212e-14      1.9212e-14      1.3851e-14      1.3851e-14      1.3851e-14      1.3851e-14      1.5172e-14
            banded          LFAT5000         19994         49980          0.0865        1.35          0.1038        1.13          0.1095        1.07          0.1865        0.63          0.1805        0.65          0.1963        0.60          0.1171      2.3711e-11      2.3711e-11      2.3711e-11      2.3711e-11      2.3711e-11      2.3711e-11      3.2650e-11
        chain_like              poli          4008          4348          0.0122        1.13          0.0145        0.95          0.0164        0.84          0.0277        0.50          0.0276        0.50          0.0275        0.50          0.0138      7.4420e-16      7.4420e-16      7.2266e-16      7.2266e-16      7.2266e-16      7.2266e-16      3.6628e-15
        wide_level      web-Stanford        281903       1413271          7.1463        1.16          6.1845        1.35          6.9358        1.20         18.2765        0.46         17.0982        0.49         13.6603        0.61          8.3244      2.7647e-14      2.7647e-14      1.9356e-14      1.9356e-14      1.9356e-14      1.9356e-14      2.0548e-14
  block_structured        circuit204          1020          3795          0.0076        1.40          0.0094        1.14          0.0099        1.08          0.0152        0.70          0.0139        0.77          0.0149        0.72          0.0107      1.2208e-15      1.2208e-15      7.6747e-16      7.6747e-16      7.6747e-16      7.6747e-16      1.6050e-15
         power_law soc-sign-epinions        131828        593597          1.8346        1.08          1.8269        1.08          1.9876        0.99          3.4193        0.58         11.2245        0.18          6.4535        0.31          1.9726      1.6869e-14      1.6869e-14      9.6537e-15      9.6537e-15      9.6537e-15      9.6537e-15      1.2498e-14
             extra          msc04515          4515         51111          0.0817        0.72          0.0904        0.65          0.0750        0.78          0.1482        0.40          0.1524        0.39          0.1467        0.40          0.0587      8.3399e-15      8.3399e-15      6.9467e-15      6.9467e-15      6.9467e-15      6.9467e-15      8.3301e-15
             extra              pwtk        217918       5926171          9.1730        0.99         10.1552        0.90         10.3845        0.88         14.0101        0.65         17.6093        0.52         17.8891        0.51          9.1186      6.6623e-14      6.6623e-14      4.0355e-14      4.0355e-14      4.0355e-14      4.0355e-14      3.1548e-14
             extra          helm2d03        392257       1567096          2.7861        1.28          3.0896        1.15          3.0799        1.15         15.6572        0.23          8.1970        0.43          8.2537        0.43          3.5572      3.6262e-14      3.6262e-14      2.7346e-14      2.7346e-14      2.7346e-14      2.7346e-14      2.8755e-14
             extra           apache1         80800        311492          0.7728        1.05          0.8027        1.01          0.8677        0.93          1.8145        0.45          1.7795        0.45          1.8311        0.44          0.8088      1.6635e-14      1.6635e-14      1.0857e-14      1.0857e-14      1.0857e-14      1.0857e-14      1.2723e-14
             extra          bcsstk13          2003         42943          0.0516        1.10          0.0624        0.91          0.0719        0.79          0.0950        0.60          0.0938        0.60          0.0989        0.57          0.0566      1.7445e-14      1.7445e-14      1.8347e-14      1.8347e-14      1.8347e-14      1.8347e-14      2.1574e-14
             extra          bcsstk14          1806         32630          0.0418        1.11          0.0568        0.82          0.0600        0.77          0.0777        0.60          0.0734        0.63          0.0758        0.61          0.0464      1.6196e-14      1.6196e-14      2.6150e-14      2.6150e-14      2.6150e-14      2.6150e-14      2.4703e-14
             extra          bcsstk17         10974        219812          0.2411        0.85          0.2911        0.71          0.2888        0.71          0.4463        0.46          0.4394        0.47          0.4524        0.45          0.2053      1.6398e-14      1.6398e-14      1.2542e-14      1.2542e-14      1.2542e-14      1.2542e-14      1.2331e-14
             extra          bcsstk18         11948         80519          0.1789        1.12          0.1819        1.10          0.2085        0.96          0.3176        0.63          0.3051        0.66          0.3039        0.66          0.2003      4.9513e-14      4.9513e-14      5.6088e-14      5.6088e-14      5.6088e-14      5.6088e-14      7.3719e-14
             extra          bcsstk27          1224         28675          0.0308        0.80          0.0375        0.66          0.0357        0.69          0.0494        0.50          0.0538        0.46          0.0495        0.50          0.0247      7.8564e-15      7.8564e-15      6.8905e-15      6.8905e-15      6.8905e-15      6.8905e-15      8.3966e-15
             extra          bcsstm22           138           138          0.0007        1.69          0.0006        1.90          0.0007        1.69          0.0011        1.12          0.0010        1.15          0.0012        0.98          0.0012      2.8475e-16      2.8475e-16      2.8475e-16      2.8475e-16      2.8475e-16      2.8475e-16      4.3930e-16
             extra          scircuit        170998        565030          1.6734        1.13          1.8021        1.05          1.8570        1.02          3.9173        0.48          3.6703        0.51          3.7224        0.51          1.8864      2.1056e-14      2.1056e-14      1.7544e-14      1.7544e-14      1.7544e-14      1.7544e-14      1.7597e-14
             extra               fv1          9604         47434          0.0884        1.09          0.0893        1.08          0.0987        0.98          0.1728        0.56          0.1597        0.60          0.1677        0.57          0.0962      5.9741e-15      5.9741e-15      2.8774e-15      2.8774e-15      2.8774e-15      2.8774e-15      2.9224e-15
             extra               fv2          9801         48413          0.0902        1.20          0.0912        1.19          0.1005        1.08          0.1669        0.65          0.1590        0.68          0.1696        0.64          0.1083      6.1305e-15      6.1305e-15      3.0501e-15      3.0501e-15      3.0501e-15      3.0501e-15      3.6785e-15
             extra               fv3          9801         48413          0.0902        1.08          0.0911        1.07          0.1006        0.96          0.1663        0.58          0.1593        0.61          0.1700        0.57          0.0971      6.0726e-15      6.0726e-15      3.1041e-15      3.1041e-15      3.1041e-15      3.1041e-15      3.9453e-15
             extra               EPA          4772          7138          0.0296        0.95          0.0292        0.96          0.0312        0.90          0.0406        0.69          0.0403        0.69          0.0407        0.69          0.0280      2.3290e-15      2.3290e-15      2.0983e-15      2.0983e-15      2.0983e-15      2.0983e-15      3.6430e-15
             extra           ca-GrQc          5242         19726          0.0698        1.14          0.0663        1.20          0.0759        1.05          0.0924        0.86          0.0931        0.85          0.0949        0.84          0.0795      3.7393e-15      3.7393e-15      3.0384e-15      3.0384e-15      3.0384e-15      3.0384e-15      3.5657e-15
             extra       email-Enron         36692        220523          0.4943        1.16          0.5267        1.09          0.5866        0.97          0.9876        0.58          0.9684        0.59          0.9203        0.62          0.5717      1.1904e-14      1.1904e-14      7.8490e-15      7.8490e-15      7.8490e-15      7.8490e-15      1.0168e-14
             extra     soc-Epinions1         75888        363549          0.9400        1.06          0.9746        1.03          1.0656        0.94          1.8794        0.53          1.8438        0.54          1.7769        0.56          1.0008      1.5737e-14      1.5737e-14      1.1031e-14      1.1031e-14      1.1031e-14      1.1031e-14      7.8647e-15
             extra        roadNet-CA       1971281       4737888         26.2222        3.19         26.1799        3.20         27.6178        3.03        151.9589        0.55        146.4101        0.57        171.4510        0.49         83.6650      4.7311e-14      4.7311e-14      4.2270e-14      4.2270e-14      4.2270e-14      4.2270e-14      9.7379e-14
             extra         wiki-Vote          8297         40953          0.1365        0.91          0.1136        1.10          0.1271        0.98          0.1591        0.78          0.1608        0.77          0.1568        0.79          0.1245      4.3346e-15      4.3346e-15      2.7198e-15      2.7198e-15      2.7198e-15      2.7198e-15      2.6862e-15
             extra         ASIC_680k        682862       2277355          5.9476        2.55          5.9990        2.53          6.3218        2.40         26.0253        0.58         20.1976        0.75         19.3208        0.79         15.1889      3.0156e-14      3.0156e-14      2.9264e-14      2.9264e-14      2.9264e-14      2.9264e-14      3.3944e-14
        very_large      web-BerkStan        685230       4425244         10.4163        1.93         10.9506        1.83         11.2488        1.78         50.5645        0.40         42.2760        0.47         42.4178        0.47         20.0726      5.4636e-14      5.4636e-14      3.9185e-14      3.9185e-14      3.9185e-14      3.9185e-14      3.2065e-14
        very_large        roadNet-TX       1393383       3315043         19.7184        2.41         19.5201        2.44         19.6503        2.42         94.1573        0.51         84.7449        0.56         89.6757        0.53         47.6085      5.1465e-14      5.1465e-14      4.8292e-14      4.8292e-14      4.8292e-14      4.8292e-14      6.0125e-14
        very_large         wiki-Talk       2394385       3072221         21.2159        2.43         21.5267        2.40         22.1408        2.33         57.1283        0.90         71.0931        0.73         71.8613        0.72         51.6537      4.6553e-14      4.6553e-14      4.3868e-14      4.3868e-14      4.3868e-14      4.3868e-14      8.2881e-14
