            Family            Matrix             N           NNZ      Basic (ms)      B xMKL  BranchRed (ms)      R xMKL   Unrolled (ms)      U xMKL       ThreshOmp      T xMKL      ChunkedOmp      C xMKL       CapChunkO     CC xMKL        MKL (ms)      Residual B      Residual R      Residual U      Residual T      Residual C     Residual CC      Residual M
------------------------------------------------------------------------------------------------------------------------------------------------------------------------------------------------------------------------------------------------------------------------------------------------------------------------------------------------------------------------------------
  random_irregular         ASIC_100k         99340        526789          1.0306        1.94          0.9556        2.09          0.9427        2.12          1.4433        1.38          1.3683        1.46          1.1675        1.71          1.9963      1.9212e-14      1.9212e-14      1.3851e-14      1.3851e-14      1.3851e-14      1.3851e-14      1.5172e-14
            banded          LFAT5000         19994         49980          0.0646        0.93          0.0645        0.93          0.0607        0.99          0.1114        0.54          0.0858        0.70          0.1021        0.59          0.0600      2.3711e-11      2.3711e-11      2.3711e-11      2.3711e-11      2.3711e-11      2.3711e-11      3.2650e-11
        chain_like              poli          4008          4348          0.0080        1.14          0.0085        1.07          0.0100        0.92          0.0137        0.67          0.0133        0.69          0.0131        0.70          0.0091      7.4420e-16      7.4420e-16      7.2266e-16      7.2266e-16      7.2266e-16      7.2266e-16      3.6628e-15
        wide_level      web-Stanford        281903       1413271          4.6473        0.79          3.8142        0.96          4.3721        0.84          5.7047        0.64          4.0691        0.90          4.1227        0.89          3.6735      2.7647e-14      2.7647e-14      1.9356e-14      1.9356e-14      1.9356e-14      1.9356e-14      2.0548e-14
  block_structured        circuit204          1020          3795          0.0047        1.59          0.0046        1.60          0.0051        1.45          0.0857        0.09          0.0098        0.76          0.0075        0.99          0.0074      1.2208e-15      1.2208e-15      7.6747e-16      7.6747e-16      7.6747e-16      7.6747e-16      1.6050e-15
         power_law soc-sign-epinions        131828        593597          1.3511        0.91          1.2216        1.01          1.2221        1.01          1.7694        0.70          1.7333        0.71          1.6248        0.76          1.2307      1.6869e-14      1.6869e-14      9.6537e-15      9.6537e-15      9.6537e-15      9.6537e-15      1.2498e-14
             extra          msc04515          4515         51111          0.0363        1.18          0.0340        1.26          0.0344        1.24          0.0611        0.70          0.0776        0.55          0.0662        0.64          0.0427      8.3399e-15      8.3399e-15      6.9467e-15      6.9467e-15      6.9467e-15      6.9467e-15      5.6639e-15
             extra              pwtk        217918       5926171          4.6706        1.04          4.7208        1.03          4.2558        1.14          4.7989        1.01          4.9116        0.99          4.9256        0.99          4.8653      6.6623e-14      6.6623e-14      4.0355e-14      4.0355e-14      4.0355e-14      4.0355e-14      2.4981e-14
             extra          helm2d03        392257       1567096          1.8002        0.95          1.5446        1.10          1.7060        1.00          3.1849        0.53          3.3286        0.51          2.9918        0.57          1.7030      3.6262e-14      3.6262e-14      2.7346e-14      2.7346e-14      2.7346e-14      2.7346e-14      2.8755e-14
             extra           apache1         80800        311492          0.4609        1.00          0.4837        0.95          0.5755        0.80          0.5245        0.88          0.5396        0.86          0.6967        0.66          0.4615      1.6635e-14      1.6635e-14      1.0857e-14      1.0857e-14      1.0857e-14      1.0857e-14      1.2715e-14
             extra          bcsstk13          2003         42943          0.0346        2.19          0.0344        2.21          0.0405        1.87          0.0499        1.52          0.0492        1.54          0.0523        1.45          0.0758      1.7445e-14      1.7445e-14      1.8347e-14      1.8347e-14      1.8347e-14      1.8347e-14      1.1243e-14
             extra          bcsstk14          1806         32630          0.0300        1.05          0.0278        1.13          0.0324        0.97          0.0474        0.67          0.0498        0.63          0.0431        0.73          0.0315      1.6196e-14      1.6196e-14      2.6150e-14      2.6150e-14      2.6150e-14      2.6150e-14      1.4477e-14
             extra          bcsstk17         10974        219812          0.1543        0.99          0.1414        1.09          0.1378        1.11          0.2402        0.64          0.2067        0.74          0.2229        0.69          0.1535      1.6398e-14      1.6398e-14      1.2542e-14      1.2542e-14      1.2542e-14      1.2542e-14      7.6130e-15
             extra          bcsstk18         11948         80519          0.1254        1.19          0.1213        1.23          0.1513        0.99          0.1763        0.85          0.2010        0.74          0.1745        0.85          0.1491      4.9513e-14      4.9513e-14      5.6088e-14      5.6088e-14      5.6088e-14      5.6088e-14      4.7760e-14
             extra          bcsstk27          1224         28675          0.0164        1.33          0.0172        1.27          0.0169        1.29          0.0239        0.91          0.0240        0.91          0.0241        0.91          0.0218      7.8564e-15      7.8564e-15      6.8905e-15      6.8905e-15      6.8905e-15      6.8905e-15      5.2908e-15
             extra          bcsstm22           138           138          0.0008        4.39          0.0006        5.29          0.0007        4.54          0.0011        2.90          0.0008        4.32          0.0010        3.34          0.0033      2.8475e-16      2.8475e-16      2.8475e-16      2.8475e-16      2.8475e-16      2.8475e-16      4.3930e-16
             extra          scircuit        170998        565030          1.1725        0.91          1.0672        1.01          1.1066        0.97          2.7512        0.39          2.0229        0.53          2.1496        0.50          1.0725      2.1056e-14      2.1056e-14      1.7544e-14      1.7544e-14      1.7544e-14      1.7544e-14      1.7597e-14
             extra               fv1          9604         47434          0.0567        0.82          0.0586        0.79          0.0628        0.74          0.0458        1.01          0.0468        0.99          0.0538        0.86          0.0465      5.9741e-15      5.9741e-15      2.8774e-15      2.8774e-15      2.8774e-15      2.8774e-15      2.9224e-15
             extra               fv2          9801         48413          0.0582        0.88          0.0587        0.88          0.0645        0.80          0.0447        1.15          0.0439        1.17          0.1670        0.31          0.0514      6.1305e-15      6.1305e-15      3.0501e-15      3.0501e-15      3.0501e-15      3.0501e-15      3.6785e-15
             extra               fv3          9801         48413          0.0771        1.43          0.0595        1.85          0.0631        1.75          0.0463        2.38          0.0450        2.45          0.0529        2.08          0.1101      6.0726e-15      6.0726e-15      3.1041e-15      3.1041e-15      3.1041e-15      3.1041e-15      3.9452e-15
             extra               EPA          4772          7138          0.0218        0.90          0.0196        1.01          0.0204        0.96          0.0220        0.90          0.0214        0.92          0.0219        0.90          0.0197      2.3290e-15      2.3290e-15      2.0983e-15      2.0983e-15      2.0983e-15      2.0983e-15      3.6430e-15
             extra           ca-GrQc          5242         19726          0.0559        0.83          0.0446        1.04          0.0527        0.88          0.0611        0.76          0.0524        0.89          0.0551        0.84          0.0465      3.7393e-15      3.7393e-15      3.0384e-15      3.0384e-15      3.0384e-15      3.0384e-15      3.5657e-15
             extra       email-Enron         36692        220523          0.3723        1.06          0.3212        1.23          0.3825        1.03          0.4681        0.84          0.4873        0.81          0.4954        0.80          0.3939      1.1904e-14      1.1904e-14      7.8490e-15      7.8490e-15      7.8490e-15      7.8490e-15      1.0169e-14
             extra     soc-Epinions1         75888        363549          0.7088        0.94          0.5775        1.16          0.6771        0.99          0.8676        0.77          0.8649        0.77          1.0303        0.65          0.6693      1.5737e-14      1.5737e-14      1.1031e-14      1.1031e-14      1.1031e-14      1.1031e-14      7.8647e-15
             extra        roadNet-CA       1971281       4737888         16.5147        1.23         15.7503        1.29         16.5209        1.23         43.6704        0.46         48.6035        0.42         38.2474        0.53         20.3037      4.7311e-14      4.7311e-14      4.2270e-14      4.2270e-14      4.2270e-14      4.2270e-14      9.7379e-14
             extra         wiki-Vote          8297         40953          0.0918        1.29          0.0802        1.48          0.0937        1.27          0.1057        1.12          0.2204        0.54          0.0894        1.33          0.1187      4.3346e-15      4.3346e-15      2.7198e-15      2.7198e-15      2.7198e-15      2.7198e-15      2.6862e-15
             extra         ASIC_680k        682862       2277355          3.3961        1.73          3.0479        1.93          3.1220        1.88          6.8136        0.86          5.7245        1.03          7.6993        0.76          5.8697      3.0156e-14      3.0156e-14      2.9264e-14      2.9264e-14      2.9264e-14      2.9264e-14      3.3944e-14
        very_large      web-BerkStan        685230       4425244          6.0935        1.04          6.6331        0.95          6.8564        0.92         11.1048        0.57         10.3502        0.61          9.4734        0.67          6.3197      5.4636e-14      5.4636e-14      3.9185e-14      3.9185e-14      3.9185e-14      3.9185e-14      3.2064e-14
        very_large        roadNet-TX       1393383       3315043         10.9326        1.37         13.3576        1.12         12.6025        1.19         24.7059        0.61         25.1190        0.60         25.0971        0.60         14.9839      5.1465e-14      5.1465e-14      4.8292e-14      4.8292e-14      4.8292e-14      4.8292e-14      6.0125e-14
        very_large         wiki-Talk       2394385       3072221         10.3381        1.70         15.4025        1.14         19.8728        0.88         25.2285        0.69         22.4291        0.78         22.2744        0.79         17.5327      4.6553e-14      4.6553e-14      4.3868e-14      4.3868e-14      4.3868e-14      4.3868e-14      8.2881e-14
